100
1 4 2
1 7 7
2 5 1
4 7 7
1 6 6
8 2 2
5 1 1
16 14 3
11 5 1
9 7 4
1 7 3
12 16 8
1 20 8
9 2 2
12 13 11
1 6 1
18 2 2
3 4 1
8 16 5
7 16 2
8 5 2
3 12 2
7 13 8
1 7 6
6 2 2
1 20 1
16 10 6
11 17 11
3 7 3
9 1 1
18 8 8
10 16 8
8 9 6
1 7 4
16 19 8
18 19 5
10 2 2
13 14 8
1 6 3
15 11 4
11 8 4
18 14 3
20 20 10
1 6 2
4 12 7
1 6 5
10 6 4
10 20 10
2 5 3
1 7 5
14 6 5
12 1 1
20 18 5
6 1 1
8 16 3
1 7 1
6 3 3
6 10 9
12 17 14
9 20 17
20 10 10
10 16 2
16 8 3
1 6 4
8 2 1
13 17 16
8 13 11
5 7 2
13 18 2
18 8 5
6 11 1
20 13 6
20 20 1
18 14 13
10 1 1
1 7 7
5 17 14
5 7 5
16 11 7
10 3 1
10 7 1
20 19 7
20 10 1
1 20 10
7 17 14
20 1 1
1 20 20
20 20 20
17 9 7
8 18 4
10 20 20
11 11 1
1 19 8
10 20 1
20 16 9
1 7 2
18 15 5
6 5 1
18 4 3
11 10 6
