100
1 3 10
1 4 9
1 3 22
9 14 20
1 3 15
11 14 15
1 2 20
1 6
1 3 21
5 6 14
1 1 20
18
1 3 6
1 2 5
1 2 24
15 23
1 3 9
2 4 9
1 4 24
4 5 10 24
1 2 27
3 7
1 2 13
11 12
1 1 2
1
1 1 7
1
1 2 24
15 20
1 1 22
4
1 2 3
2 3
1 4 29
4 5 14 28
1 2 30
11 24
1 2 7
2 7
1 5 16
1 2 4 8 16
1 1 1
1
1 2 8
3 6
1 4 26
5 9 15 23
1 2 24
4 5
1 4 28
3 6 13 25
1 2 27
5 7
1 3 4
2 3 4
1 4 22
4 19 21 22
1 2 21
18 21
1 1 21
11
1 3 16
3 7 14
1 1 5
1
1 4 23
2 6 13 23
1 1 3
2
1 1 7
4
1 1 24
1
1 2 18
3 4
1 1 11
1
1 2 28
13 26
1 4 16
1 2 4 8
1 1 21
3
1 1 24
23
1 1 27
24
1 1 12
12
1 1 3
3
1 5 25
15 20 23 24 25
1 4 25
3 11 16 23
1 3 28
9 17 26
1 1 17
17
1 3 23
1 3 8
1 3 22
11 13 19
1 1 30
4
1 1 2
1
1 2 6
4 6
1 1 6
6
1 2 3
1 2
1 1 24
4
1 4 24
3 7 13 24
1 1 2
1
1 2 16
12 16
1 3 15
3 7 11
1 3 29
25 28 29
1 2 22
16 20
1 4 25
2 5 11 22
1 2 13
3 10
1 1 24
2
1 1 26
3
1 2 18
4 9
1 1 2
2
1 1 10
3
1 2 28
4 9
1 1 6
1
1 5 30
1 2 4 8 15
1 3 7
5 6 7
1 1 27
4
1 5 5
1 2 3 4 5
1 2 24
12 23
1 2 15
1 4
1 3 20
2 6 10
1 1 30
30
1 4 23
18 21 22 23
1 1 9
1
1 1 9
1
1 1 20
4
1 2 22
15 16
1 2 23
19 23
1 4 22
6 16 17 18
1 3 28
18 24 27
1 2 9
3 8
1 3 26
11 17 26
1 3 25
12 22 24
1 2 16
6 14
1 2 7
3 7
1 1 28
27
1 1 30
3
1 2 9
3 5
1 3 26
17 22 26
1 1 30
1
1 1 3
3
