100
1 1 1
1
1 2 29
15 26
1 5 5
1 2 3 4 5
1 4 23
6 17 19 23
1 1 21
20
1 1 25
20
1 1 7
1
1 4 21
1 6 8 20
1 2 20
2 6
1 2 23
13 23
1 2 27
4 9
1 1 2
1
1 1 14
14
1 1 29
18
1 1 13
5
1 3 30
7 10 19
1 2 14
3 7
1 2 26
2 6
1 1 15
5
1 5 15
4 8 13 14 15
1 2 5
2 4
1 1 1
1
1 1 1
1
1 2 9
4 5
1 1 29
27
1 1 3
2
1 3 6
1 2 5
1 3 23
4 6 14
1 2 9
6 7
1 2 27
2 6
1 1 1
1
1 2 10
5 8
1 1 3
3
1 1 13
13
1 3 30
2 5 12
1 3 19
2 7 12
1 3 25
3 7 15
1 1 4
2
1 3 26
5 20 23
1 3 10
1 6 9
1 1 3
1
1 5 30
1 2 4 8 15
1 2 28
23 28
1 4 18
1 2 4 16
1 3 12
1 2 8
1 1 2
2
1 1 23
4
1 4 21
1 7 9 18
1 2 9
8 9
1 3 30
12 24 27
1 3 29
5 25 29
1 2 7
5 7
1 4 16
1 2 4 8
1 1 24
11
1 4 26
2 5 9 21
1 2 16
4 8
1 1 22
2
1 4 27
4 5 12 22
1 1 3
3
1 2 28
1 5
1 5 16
1 2 4 8 16
1 2 7
1 6
1 1 1
1
1 1 12
4
1 4 22
1 6 10 18
1 2 20
11 14
1 1 28
28
1 2 29
11 16
1 2 27
10 27
1 1 22
3
1 4 29
2 4 11 21
1 2 27
3 7
1 1 25
21
1 1 2
2
1 2 18
4 9
1 3 20
5 10 17
1 3 14
9 12 14
1 4 17
6 12 15 17
1 1 30
30
1 3 28
1 4 8
1 4 9
2 7 8 9
1 4 23
8 9 12 21
1 1 2
1
1 2 22
18 20
1 4 21
17 19 20 21
1 2 29
24 28
1 4 26
3 5 12 22
1 2 22
18 22
1 3 22
5 12 22
1 4 20
2 3 6 14
1 2 11
10 11
1 2 14
10 14
1 1 15
6
1 1 30
1
1 3 26
4 9 17
1 2 3
1 2
1 2 22
4 9
1 2 28
11 18
1 4 30
1 3 8 17
1 3 11
9 10 11
